Number of reaches
4
Reach midpoint distance downstream, m
5880.800967	20757.344028	38757.559742	57166.414513	
Reach lengths, m
11761.601934	17991.484189	18008.947238	18808.762305	
Number of overpasses
21
Time, Days
1.000000	84.000000	105.000000	126.000000	168.000000	189.000000	251.000000	272.000000	293.000000	314.000000	335.000000	356.000000	397.000000	418.000000	439.000000	481.000000	502.000000	523.000000	543.000000	564.000000	585.000000	
Height, meters
68.897600	68.700200	67.957350	68.609000	69.831050	69.453450	70.830600	69.333350	69.419750	68.701550	68.633500	70.189650	68.630500	67.948850	68.909100	68.931450	69.542750	69.308650	69.724850	71.171350	70.101050	
64.677400	64.457550	64.293350	64.521300	65.672350	65.409600	66.923100	65.002450	64.817950	64.524250	64.261450	65.854800	64.122400	62.528050	64.532650	64.567850	65.131400	65.351400	65.486800	67.429850	66.017750	
59.488600	59.244500	59.245650	59.304700	60.008450	60.191550	61.386250	59.784400	59.702500	59.323950	59.072250	60.355450	59.005900	58.773850	59.312550	59.319150	59.955250	60.294700	60.234750	62.432000	60.739350	
54.378600	55.587350	55.860550	54.646300	55.116100	56.215300	56.288850	54.415300	54.678950	55.313200	53.804750	54.951600	56.074500	58.013250	56.696150	56.175700	56.447550	55.955150	55.430050	58.207250	56.549550	
Height at baseflow, m
68.897600	64.677400	59.488600	54.378600	
Slope, m/m
0.00022687	0.00027718	0.00018049	0.00026941	0.00018368	0.00014422	0.00014333	0.00020069	0.00031559	0.00020305	0.00020624	0.00019056	0.00023362	0.00037740	0.00020613	0.00020796	0.00019969	0.00022168	0.00018864	0.00015853	0.00018916	
0.00030754	0.00030037	0.00029837	0.00027298	0.00033202	0.00030934	0.00030897	0.00030357	0.00031010	0.00030708	0.00032480	0.00033779	0.00030052	0.00022028	0.00030597	0.00031214	0.00031149	0.00027780	0.00031005	0.00027919	0.00029895	
0.00028086	0.00028954	0.00027684	0.00028790	0.00025973	0.00028043	0.00030137	0.00028476	0.00027381	0.00028647	0.00028008	0.00029012	0.00028538	0.00027180	0.00028697	0.00028293	0.00027786	0.00028298	0.00027652	0.00026404	0.00027935	
0.00028042	0.00027831	0.00028181	0.00028486	0.00032192	0.00023112	0.00024929	0.00027952	0.00026429	0.00028929	0.00029789	0.00032347	0.00029012	0.00039841	0.00028764	0.00027942	0.00021035	0.00026980	0.00017146	0.00020241	0.00027038	
Width, m
24.140695	17.655658	40.928189	22.476204	67.665162	33.849103	73.680281	36.298355	21.284744	34.606032	25.756667	52.922111	37.816411	35.671799	61.531245	46.152303	54.031062	43.222915	65.832403	69.749443	46.792616	
32.876785	19.728844	32.196951	21.503916	75.005352	46.196364	78.550673	24.914740	28.393307	27.515949	14.380981	56.542793	25.633786	15.817765	43.377544	48.316239	55.859954	54.805960	72.429524	127.911162	60.282723	
54.304635	37.665200	48.112415	44.569464	105.057111	71.339538	76.021005	48.837091	38.526864	58.629148	26.948577	72.988537	52.929675	46.363012	66.106532	71.014522	88.056334	77.261662	91.655461	372.549291	128.057755	
69.138382	54.265655	97.520813	51.994286	210.332726	205.962210	375.939270	81.436796	72.419178	66.240076	34.301257	56.313859	51.114904	110.664694	114.280838	249.842143	258.148669	233.906537	407.230110	1124.893797	335.459043	
Standard deviation on slope m/m
0.00003320
Standard deviation on height m
0.943119
Standard deviation on width m
86.961040
