NodeID
73254400110231
No. of measurements
60
Measured slope, m/m
0.00028142
Prior slope, m/m
-1.00000000
Excel date
42631	42658	42820	42874	42901	43009	43036	43063	43090	43117	43144	43171	43198	43225	43279	43306	43360	43387	43414	43603	43630	43657	43684	43711	43738	43765	43792	43927	44035	44062	44089	44116	44278	44305	44332	44359	44386	44467	44494	44521	44548	44575	44629	44656	44683	44737	44818	44845	44872	44899	45007	45223	45250	45331	45385	45412	45466	45493	45547	45574	
Original height, m
57.344996	57.620717	58.763660	57.565708	58.614219	57.524237	58.467418	57.988075	57.969434	58.740447	59.684949	58.349615	58.655588	58.081205	58.230728	58.075121	57.486162	58.882047	59.054573	58.523064	59.348248	58.994158	58.958405	57.745546	57.534523	57.783885	57.938141	59.121590	58.094998	58.078543	58.035643	59.159630	59.318298	58.728209	59.153119	58.277483	58.301306	58.390301	58.629588	58.211096	58.523631	59.346823	59.107792	59.253257	58.842590	57.664056	58.113445	57.492782	57.351109	59.021190	59.760026	58.165827	57.998808	58.624974	58.519342	58.511500	57.574239	57.762194	57.592892	58.267254	
Corrected height, m
53.344996	53.620717	54.763660	53.565708	54.614219	53.524237	54.467418	53.988075	53.969434	54.740447	55.684949	54.349615	54.655588	54.081205	54.230728	54.075121	53.486162	54.882047	55.054573	54.523064	55.348248	54.994158	54.958405	53.745546	53.534523	53.783885	53.938141	55.121590	54.094998	54.078543	54.035643	55.159630	55.318298	54.728209	55.153119	54.277483	54.301306	54.390301	54.629588	54.211096	54.523631	55.346823	55.107792	55.253257	54.842590	53.664056	54.113445	53.492782	53.351109	55.021190	55.760026	54.165827	53.998808	54.624974	54.519342	54.511500	53.574239	53.762194	53.592892	54.267254	
Fitted width, m
24.380406	31.593745	61.495129	30.154608	57.585482	29.069669	53.744924	41.204470	40.716787	60.887835	68.876479	50.662988	58.667772	43.640925	47.552701	43.481759	28.073570	64.592328	68.757346	55.200711	68.812847	67.525341	66.589989	34.859489	29.338762	35.862512	39.898122	68.770011	44.001773	43.571276	42.448929	68.777200	68.807187	60.567671	68.775970	48.775897	49.399137	51.727408	57.987578	47.039100	55.215538	68.812578	68.767404	68.794895	63.560061	32.727568	44.484377	28.246744	24.540337	68.232549	68.890668	45.854786	41.485266	57.866866	55.103331	54.898189	30.377801	35.295022	30.865790	48.508285	
