Number of reaches
4
Reach midpoint distance downstream, m
5880.800967	20757.344028	38757.559742	57166.414513	
Reach lengths, m
11761.601934	17991.484189	18008.947238	18808.762305	
Number of overpasses
18
Time, Days
1.000000	22.000000	43.000000	64.000000	85.000000	106.000000	127.000000	147.000000	168.000000	189.000000	210.000000	231.000000	252.000000	294.000000	335.000000	356.000000	377.000000	440.000000	
Height, meters
69.762800	69.831050	69.453450	69.594350	69.169300	70.830600	69.333350	69.419750	68.701550	68.633500	70.189650	68.807450	68.630500	68.909100	68.931450	69.542750	69.308650	70.101050	
65.892900	65.672350	65.409600	65.626400	65.684300	66.923100	65.002450	64.817950	64.524250	64.261450	65.854800	64.279700	64.122400	64.532650	64.567850	65.131400	65.351400	66.017750	
60.530900	60.008450	60.191550	60.168050	60.320600	61.386250	59.784400	59.702500	59.323950	59.072250	60.355450	59.065150	59.005900	59.312550	59.319150	59.955250	60.294700	60.739350	
55.351600	55.060400	55.265700	55.078200	55.192500	56.357200	54.383600	54.438200	53.946400	53.625400	54.898600	53.824600	53.585100	54.049600	54.081800	54.677400	55.279800	55.795800	
Height at baseflow, m
69.762800	65.892900	60.530900	55.351600	
Slope, m/m
0.00013010	0.00018368	0.00014422	0.00025739	0.00013571	0.00014333	0.00020069	0.00031559	0.00020305	0.00020624	0.00019056	0.00035007	0.00023362	0.00020613	0.00020796	0.00019969	0.00022168	0.00018916	
0.00030558	0.00033202	0.00030934	0.00031926	0.00031220	0.00030897	0.00030357	0.00031010	0.00030708	0.00032480	0.00033779	0.00030510	0.00030052	0.00030597	0.00031214	0.00031149	0.00027780	0.00029895	
0.00028499	0.00025973	0.00028043	0.00028291	0.00022856	0.00030137	0.00028476	0.00027381	0.00028647	0.00028008	0.00029012	0.00027162	0.00028538	0.00028697	0.00028293	0.00027786	0.00028298	0.00027935	
0.00027520	0.00028882	0.00023837	0.00029001	0.00027806	0.00028933	0.00028330	0.00027788	0.00028004	0.00029051	0.00032347	0.00028599	0.00029012	0.00028764	0.00027942	0.00027575	0.00026980	0.00027038	
Width, m
78.071541	99.404652	75.606688	56.239038	74.883171	86.231678	70.508575	50.569881	72.372942	56.821131	74.896267	46.508013	73.454012	64.273609	56.159004	62.916639	50.885798	58.087597	
63.659164	86.593884	65.420374	70.237253	71.425501	85.482956	51.318907	50.063301	49.971611	29.802233	55.610950	33.462778	36.747245	42.832730	50.907429	59.623970	62.588678	69.805855	
78.015205	100.877930	85.226551	86.173477	88.515543	115.953747	64.560417	64.480658	70.048336	52.151129	77.230444	53.583145	57.271030	58.079872	60.644829	76.022589	72.577230	82.843512	
72.252449	85.785263	65.388977	66.468964	65.339256	63.528942	51.681522	51.105515	49.197868	24.989542	57.456230	35.029705	28.126940	39.225788	53.896191	59.553131	60.381813	82.641747	
Standard deviation on slope m/m
0.00002471
Standard deviation on height m
0.676049
Standard deviation on width m
15.464365
